% Mike Stanley's IMU Data Logger
% Date & Time   Thursday 06 January 2011  -  12:50:24 PM
% MagX, AccX and GyroX values are centered at 0 LSB
% Accelerometer Range = +/- 6g
% Gyroscope     Range = +/- 2000 degrees/second
% Magnetometer  Range = +/- 200uT
% Recorder      Michael Stanley
% Comments      Simple pickup of IMU
% SampleNumber MagX MagY MagZ AccX AccY AccZ GyroR GyroP GyroY LButton RButton
1 377 -35 579 2 1 354 -516 -534 -529 0 0 
2 375 -45 578 2 2 355 -515 -533 -530 0 0 
3 381 -40 580 2 2 354 -516 -534 -530 0 0 
4 377 -39 580 2 2 353 -515 -533 -529 0 0 
5 377 -39 577 1 1 353 -516 -534 -529 0 0 
6 381 -41 578 1 1 353 -516 -535 -529 0 0 
7 376 -40 578 1 1 353 -516 -534 -529 0 0 
8 378 -39 579 1 2 353 -516 -534 -530 0 0 
9 377 -42 579 1 1 353 -516 -535 -530 0 0 
10 378 -42 578 1 1 353 -516 -535 -530 0 0 
11 377 -41 579 2 1 353 -516 -534 -530 0 0 
12 378 -38 577 2 1 353 -515 -534 -529 0 0 
13 377 -36 579 2 1 353 -516 -535 -530 0 0 
14 376 -41 576 1 1 353 -516 -534 -530 0 0 
15 378 -44 577 1 1 353 -516 -534 -530 0 0 
16 380 -41 578 1 2 353 -516 -534 -530 0 0 
17 376 -40 578 1 2 354 -516 -534 -530 0 0 
18 377 -38 579 1 2 353 -516 -534 -529 0 0 
19 382 -37 579 1 2 353 -515 -534 -529 0 0 
20 379 -41 578 2 2 354 -515 -534 -530 0 0 
21 377 -39 577 1 1 353 -516 -534 -529 0 0 
22 376 -36 579 2 1 354 -516 -535 -530 0 0 
23 374 -37 579 2 1 354 -515 -534 -530 0 0 
24 378 -43 577 2 1 353 -515 -534 -530 0 0 
25 378 -38 579 1 1 353 -515 -534 -529 0 0 
26 377 -43 578 1 1 354 -515 -534 -530 0 0 
27 377 -39 577 1 2 353 -516 -534 -530 0 0 
28 380 -36 576 1 2 354 -516 -534 -529 0 0 
29 380 -46 578 1 2 354 -516 -534 -530 0 0 
30 375 -43 579 1 2 354 -515 -534 -529 0 0 
31 380 -36 578 1 1 354 -516 -534 -529 0 0 
32 376 -38 578 1 1 353 -516 -534 -529 0 0 
33 378 -41 578 1 1 353 -516 -534 -530 0 0 
34 377 -37 579 2 1 352 -515 -534 -529 0 0 
35 375 -40 577 2 1 353 -515 -534 -530 0 0 
36 379 -38 577 1 1 353 -515 -534 -530 0 0 
37 379 -40 578 1 2 353 -516 -535 -529 0 0 
38 379 -39 577 1 2 353 -515 -534 -530 0 0 
39 380 -34 579 1 2 353 -515 -534 -529 0 0 
40 379 -37 577 1 2 354 -516 -534 -529 0 0 
41 378 -40 577 1 1 354 -515 -534 -529 0 0 
42 378 -37 577 1 1 354 -515 -534 -529 0 0 
43 379 -41 577 2 1 354 -515 -535 -530 0 0 
44 377 -35 578 2 1 354 -514 -535 -529 0 0 
45 374 -39 577 2 1 354 -516 -534 -530 0 0 
46 379 -49 577 2 1 353 -516 -534 -530 0 0 
47 377 -43 578 1 2 353 -516 -534 -529 0 0 
48 380 -49 579 1 2 353 -516 -534 -529 0 0 
49 380 -43 579 1 2 353 -516 -534 -529 0 0 
50 379 -40 577 1 2 353 -516 -534 -530 0 0 
51 378 -40 578 1 2 353 -516 -534 -530 0 0 
52 378 -40 579 1 1 354 -515 -534 -529 0 0 
53 377 -44 578 2 1 353 -515 -534 -530 0 0 
54 378 -38 580 2 1 354 -514 -534 -530 0 0 
55 376 -39 578 2 1 354 -516 -534 -529 0 0 
56 379 -41 577 2 2 353 -515 -534 -529 0 0 
57 377 -46 577 1 2 353 -515 -534 -530 0 0 
58 379 -50 579 1 2 353 -515 -534 -530 0 0 
59 376 -44 578 1 1 354 -516 -534 -530 0 0 
60 382 -43 579 1 1 353 -515 -534 -529 0 0 
61 378 -48 578 1 1 353 -516 -534 -530 0 0 
62 376 -45 577 2 1 354 -516 -534 -530 0 0 
63 378 -38 577 1 2 353 -515 -534 -529 0 0 
64 377 -36 578 1 2 354 -516 -534 -530 0 0 
65 378 -41 577 1 2 355 -515 -534 -530 0 0 
66 374 -37 576 1 2 354 -515 -534 -530 0 0 
67 378 -39 580 1 2 354 -515 -534 -529 0 0 
68 377 -44 578 1 1 354 -516 -535 -530 0 0 
69 380 -44 578 1 1 354 -515 -534 -529 0 0 
70 379 -38 579 2 1 353 -516 -534 -530 0 0 
71 381 -50 581 1 1 353 -516 -535 -529 0 0 
72 377 -37 578 1 2 353 -516 -535 -529 0 0 
73 379 -43 578 1 2 354 -516 -534 -530 0 0 
74 377 -33 577 1 2 354 -516 -534 -529 0 0 
75 379 -44 579 1 2 354 -515 -534 -530 0 0 
76 377 -35 578 1 1 354 -516 -535 -530 0 0 
77 376 -40 577 2 1 354 -515 -534 -530 0 0 
78 378 -51 578 1 1 354 -515 -534 -529 0 0 
79 380 -48 577 2 1 354 -516 -534 -529 0 0 
80 380 -50 578 2 1 354 -515 -534 -529 0 0 
81 376 -43 576 2 1 353 -516 -534 -530 0 0 
82 379 -47 578 1 1 353 -516 -535 -529 0 0 
83 383 -44 578 1 2 353 -515 -534 -529 0 0 
84 378 -46 578 1 2 354 -516 -534 -529 0 0 
85 377 -49 578 1 2 354 -515 -534 -530 0 0 
86 378 -46 580 1 2 354 -516 -534 -529 0 0 
87 380 -45 578 1 2 353 -516 -535 -530 0 0 
88 377 -45 580 1 1 353 -515 -533 -530 0 0 
89 379 -42 578 2 1 353 -515 -534 -530 0 0 
90 377 -41 575 2 1 353 -516 -535 -529 0 0 
91 378 -38 579 2 1 354 -516 -534 -529 0 0 
92 376 -36 580 2 2 354 -515 -535 -529 0 0 
93 378 -40 576 1 2 354 -515 -535 -529 0 0 
94 380 -37 578 1 1 354 -516 -534 -530 0 0 
95 380 -38 579 1 1 354 -516 -535 -529 0 0 
96 378 -42 577 1 1 354 -515 -534 -530 0 0 
97 379 -42 581 1 1 354 -516 -535 -529 0 0 
98 380 -43 575 1 2 354 -515 -534 -529 0 0 
99 381 -37 580 1 2 354 -515 -533 -530 0 0 
100 377 -38 576 1 2 354 -515 -534 -529 0 0 
101 379 -44 580 1 1 355 -515 -534 -529 0 0 
102 383 -43 577 2 2 354 -516 -535 -529 0 0 
103 377 -44 578 2 1 354 -516 -535 -530 0 0 
104 377 -38 578 1 1 354 -516 -534 -529 0 0 
105 379 -39 578 1 1 354 -516 -534 -529 0 0 
106 379 -36 578 2 1 354 -515 -534 -530 0 0 
107 378 -41 578 2 1 354 -516 -535 -530 0 0 
108 377 -34 576 2 1 354 -516 -534 -529 0 0 
109 380 -33 578 1 2 353 -516 -534 -529 0 0 
110 378 -35 577 1 2 354 -515 -534 -529 0 0 
111 378 -38 578 1 2 353 -515 -534 -529 0 0 
112 378 -38 578 1 2 353 -515 -535 -530 0 0 
113 375 -48 576 1 2 353 -515 -535 -530 0 0 
114 377 -39 578 1 1 353 -515 -534 -530 0 0 
115 381 -40 577 2 1 353 -516 -535 -531 0 0 
116 378 -41 578 2 1 354 -515 -534 -529 0 0 
117 376 -43 579 2 1 355 -516 -534 -530 0 0 
118 379 -35 576 1 1 354 -515 -534 -530 0 0 
119 375 -39 579 1 2 354 -516 -534 -529 0 0 
120 376 -40 577 1 2 354 -516 -534 -530 0 0 
121 383 -40 577 1 2 353 -515 -534 -529 0 0 
122 379 -40 578 1 2 353 -516 -534 -530 0 0 
123 379 -40 576 1 1 353 -516 -534 -530 0 0 
124 379 -42 577 2 1 353 -515 -534 -530 0 0 
125 377 -37 577 2 1 353 -516 -534 -529 0 0 
126 379 -35 576 2 1 353 -516 -534 -530 0 0 
127 379 -36 576 2 1 353 -515 -534 -530 0 0 
128 378 -42 578 2 1 353 -516 -534 -529 0 0 
129 378 -43 577 2 1 353 -515 -534 -530 0 0 
130 381 -41 577 1 2 353 -516 -534 -529 0 0 
131 378 -37 577 1 2 354 -516 -534 -530 0 0 
132 378 -34 579 1 1 353 -515 -534 -530 0 0 
133 380 -36 578 1 2 353 -515 -534 -530 0 0 
134 377 -33 580 1 2 353 -516 -534 -530 0 0 
135 378 -40 578 2 1 354 -516 -534 -530 0 0 
136 380 -40 577 2 1 354 -516 -534 -529 0 0 
137 382 -41 575 2 1 354 -516 -535 -529 0 0 
138 378 -40 577 2 1 354 -516 -534 -530 0 0 
139 379 -42 578 2 1 354 -515 -534 -530 0 0 
140 381 -44 580 1 2 353 -515 -534 -530 0 0 
141 377 -44 580 1 2 354 -515 -534 -529 0 0 
142 378 -45 578 1 2 353 -515 -534 -530 0 0 
143 379 -44 580 1 2 353 -516 -534 -529 0 0 
144 379 -45 578 1 1 352 -516 -534 -530 0 0 
145 378 -44 576 1 1 352 -515 -534 -529 0 0 
146 379 -51 580 2 1 353 -515 -533 -530 0 0 
147 380 -46 580 2 1 353 -516 -534 -529 0 0 
148 381 -36 578 2 1 354 -515 -534 -529 0 0 
149 377 -42 577 2 1 354 -516 -534 -529 0 0 
150 381 -51 579 1 1 354 -515 -535 -529 0 0 
151 377 -47 577 1 1 354 -515 -535 -530 0 0 
152 376 -48 577 1 1 353 -516 -534 -529 0 0 
153 378 -44 577 1 1 353 -515 -534 -529 0 0 
154 380 -41 579 1 1 353 -516 -534 -530 0 0 
155 379 -47 579 1 1 353 -516 -534 -529 0 0 
156 377 -45 577 2 1 354 -515 -533 -529 0 0 
157 378 -44 578 2 1 354 -515 -534 -530 0 0 
158 381 -29 577 2 1 354 -515 -534 -529 0 0 
159 383 -39 578 2 1 353 -515 -534 -529 0 0 
160 377 -37 576 2 1 353 -515 -533 -530 0 0 
161 381 -37 577 1 1 353 -516 -534 -530 0 0 
162 379 -38 578 1 1 353 -515 -534 -529 0 0 
163 378 -37 579 1 1 353 -515 -534 -529 0 0 
164 382 -33 578 1 1 353 -515 -534 -529 0 0 
165 380 -42 578 1 1 354 -516 -535 -529 0 0 
166 376 -39 577 1 1 354 -516 -534 -529 0 0 
167 378 -41 579 1 2 354 -515 -534 -529 0 0 
168 379 -40 577 2 2 355 -515 -534 -530 0 0 
169 378 -43 578 2 2 354 -516 -534 -530 0 0 
170 384 -39 578 2 1 354 -515 -535 -529 0 0 
171 376 -41 579 1 1 355 -516 -534 -529 0 0 
172 379 -43 580 2 1 353 -516 -534 -529 0 0 
173 378 -45 579 1 1 353 -515 -534 -529 0 0 
174 381 -42 578 1 1 354 -516 -534 -530 0 0 
175 378 -38 576 1 1 354 -516 -534 -529 0 0 
176 378 -46 579 1 1 353 -515 -534 -530 0 0 
177 378 -45 578 1 2 353 -516 -534 -529 0 0 
178 379 -53 579 1 1 354 -516 -534 -530 0 0 
179 377 -43 577 1 1 353 -516 -534 -529 0 0 
180 375 -44 578 2 1 353 -515 -534 -529 0 0 
181 377 -47 579 1 1 353 -516 -534 -529 0 0 
182 378 -44 576 1 1 354 -515 -534 -529 0 0 
183 379 -46 579 1 1 353 -515 -534 -529 0 0 
184 379 -39 577 1 1 354 -515 -534 -529 0 0 
185 377 -40 578 1 1 353 -516 -534 -530 0 0 
186 377 -39 580 2 1 353 -515 -534 -529 0 0 
187 378 -36 579 1 1 353 -516 -534 -530 0 0 
188 378 -38 579 1 1 353 -516 -534 -529 0 0 
189 381 -47 578 1 2 354 -515 -534 -530 0 0 
190 378 -39 577 1 1 354 -516 -534 -529 0 0 
191 377 -40 580 1 1 354 -515 -534 -530 0 0 
192 379 -42 577 1 1 355 -516 -534 -529 0 0 
193 381 -43 577 1 1 354 -516 -534 -529 0 0 
194 378 -37 578 1 1 354 -515 -535 -530 0 0 
195 378 -43 579 1 1 353 -516 -535 -529 0 0 
196 377 -39 579 1 1 353 -515 -534 -530 0 0 
197 377 -37 578 1 1 352 -515 -534 -529 0 0 
198 379 -43 577 1 1 353 -515 -534 -529 0 0 
199 380 -42 580 1 1 353 -515 -535 -529 0 0 
200 380 -46 577 1 1 353 -516 -534 -529 0 0 
201 378 -46 578 2 1 354 -516 -534 -529 0 0 
202 377 -41 579 1 1 354 -516 -534 -529 0 0 
203 380 -42 578 1 1 354 -516 -534 -529 0 0 
204 380 -43 578 1 1 353 -516 -534 -529 0 0 
205 378 -38 580 1 1 354 -515 -535 -529 0 0 
206 378 -36 579 1 2 353 -515 -535 -529 0 0 
207 379 -43 579 1 2 354 -515 -535 -530 0 0 
208 376 -38 576 1 1 354 -516 -535 -530 0 0 
209 378 -37 580 1 2 354 -515 -534 -529 0 0 
210 379 -42 578 1 2 354 -515 -535 -530 0 0 
211 379 -42 577 1 1 354 -516 -534 -529 0 0 
212 375 -36 579 2 1 353 -516 -535 -530 0 0 
213 380 -40 579 1 1 354 -515 -534 -530 0 0 
214 377 -42 577 1 1 353 -516 -534 -530 0 0 
215 382 -47 581 1 1 353 -515 -534 -529 0 0 
216 378 -47 576 1 1 353 -516 -534 -529 0 0 
217 379 -47 577 1 1 353 -515 -534 -529 0 0 
218 381 -42 577 1 2 353 -515 -534 -529 0 0 
219 378 -37 578 1 2 353 -515 -534 -529 0 0 
220 384 -37 579 2 1 353 -516 -534 -530 0 0 
221 377 -35 578 1 1 353 -515 -533 -529 0 0 
222 379 -34 575 1 1 353 -515 -534 -529 0 0 
223 379 -41 579 2 1 354 -515 -534 -529 0 0 
224 380 -39 578 1 2 354 -515 -534 -529 0 0 
225 377 -40 579 1 2 354 -514 -534 -529 0 0 
226 377 -41 579 1 2 354 -515 -534 -530 0 0 
227 380 -41 579 1 2 354 -515 -534 -529 0 0 
228 379 -38 575 1 2 354 -515 -535 -529 0 0 
229 379 -36 579 2 1 354 -516 -534 -530 0 0 
230 379 -43 578 2 1 354 -516 -534 -529 0 0 
231 379 -48 577 2 1 353 -515 -534 -529 0 0 
232 378 -47 579 2 1 354 -515 -535 -530 0 0 
233 379 -46 578 2 1 353 -515 -534 -530 0 0 
234 376 -48 579 1 1 353 -515 -535 -530 0 0 
235 378 -44 578 1 1 353 -516 -534 -529 0 0 
236 377 -39 578 1 2 352 -516 -534 -529 0 0 
237 376 -42 580 1 2 352 -515 -534 -530 0 0 
238 377 -38 578 1 1 353 -516 -534 -529 0 0 
239 379 -39 579 1 1 353 -515 -534 -530 0 0 
240 379 -38 578 1 1 353 -515 -534 -530 0 0 
241 378 -44 578 1 1 354 -515 -534 -530 0 0 
242 381 -37 578 1 1 354 -516 -534 -529 0 0 
243 381 -35 578 1 1 354 -515 -534 -529 0 0 
244 378 -44 579 1 2 354 -515 -534 -530 0 0 
245 376 -42 579 1 2 355 -515 -534 -530 0 0 
246 379 -42 579 1 2 355 -515 -534 -530 0 0 
247 379 -38 577 1 2 354 -517 -534 -530 0 0 
248 378 -43 579 1 1 354 -516 -534 -529 0 0 
249 377 -36 578 2 1 354 -515 -534 -529 0 0 
250 379 -46 578 1 1 354 -516 -534 -529 0 0 
251 378 -43 579 1 1 354 -515 -534 -529 0 0 
252 377 -38 577 1 1 354 -515 -533 -530 0 0 
253 383 -34 577 1 1 354 -515 -534 -529 0 0 
254 379 -41 578 1 1 353 -516 -534 -529 0 0 
255 378 -44 580 1 1 353 -516 -534 -529 0 0 
256 378 -40 581 1 2 353 -515 -534 -529 0 0 
257 378 -38 580 1 2 353 -515 -534 -529 0 0 
258 383 -41 580 2 1 353 -515 -534 -529 0 0 
259 377 -41 578 2 1 353 -515 -534 -530 0 0 
260 379 -37 577 1 1 353 -516 -535 -529 0 0 
261 377 -36 577 1 1 354 -516 -534 -529 0 0 
262 380 -38 577 1 1 353 -515 -534 -529 0 0 
263 381 -43 578 1 1 354 -516 -535 -530 0 0 
264 376 -35 578 1 1 353 -515 -534 -530 0 0 
265 377 -42 577 1 2 353 -515 -534 -529 0 0 
266 378 -41 576 1 1 353 -515 -534 -529 0 0 
267 379 -41 579 1 1 353 -516 -534 -529 0 0 
268 378 -45 577 2 1 353 -516 -535 -530 0 0 
269 380 -43 578 1 1 354 -515 -535 -530 0 0 
270 380 -41 579 1 1 354 -515 -534 -530 0 0 
271 383 -43 577 2 1 355 -516 -534 -530 0 0 
272 383 -35 577 1 1 354 -516 -534 -529 0 0 
273 382 -39 578 1 1 354 -516 -534 -529 0 0 
274 376 -40 578 1 2 354 -516 -534 -530 0 0 
275 378 -42 580 1 1 354 -516 -535 -530 0 0 
276 381 -36 577 1 1 353 -515 -534 -529 0 0 
277 380 -35 578 1 1 352 -516 -534 -529 0 0 
278 378 -39 578 1 1 353 -516 -534 -529 0 0 
279 379 -44 580 1 1 353 -516 -534 -529 0 0 
280 379 -40 580 1 1 353 -516 -534 -529 0 0 
281 383 -39 578 2 1 354 -516 -534 -529 0 0 
282 378 -39 577 2 1 353 -515 -534 -529 0 0 
283 379 -39 579 0 4 354 -515 -534 -529 0 0 
284 380 -33 578 -5 31 354 -516 -534 -541 0 0 
285 381 -39 579 18 2 354 -516 -534 -546 0 0 
286 379 -30 577 5 -10 356 -517 -533 -546 0 0 
287 378 -35 579 4 -20 357 -518 -533 -542 0 0 
288 379 -45 579 12 -30 361 -521 -533 -539 0 0 
289 377 -44 580 10 -28 360 -524 -532 -533 0 0 
290 377 -47 579 2 -18 361 -527 -531 -527 0 0 
291 378 -47 577 3 1 366 -530 -532 -526 0 0 
292 375 -45 580 8 -5 365 -531 -528 -527 0 0 
293 375 -51 579 0 -6 380 -535 -524 -526 0 0 
294 374 -61 580 -4 -31 375 -539 -522 -524 0 0 
295 370 -71 580 -11 -41 376 -545 -521 -520 0 0 
296 371 -69 582 -16 -40 378 -551 -517 -515 0 0 
297 365 -78 580 -11 -31 372 -557 -516 -510 0 0 
298 362 -85 583 -9 -23 370 -561 -514 -507 0 0 
299 360 -82 584 -3 -14 367 -563 -520 -506 0 0 
300 360 -86 581 52 37 351 -547 -533 -517 0 0 
301 361 -86 582 65 76 386 -518 -535 -542 0 0 
302 363 -73 581 56 11 407 -502 -541 -552 0 0 
303 369 -74 580 36 -20 404 -495 -548 -551 0 0 
304 367 -71 580 22 -12 408 -498 -549 -547 0 0 
305 369 -68 579 18 -7 399 -504 -549 -542 0 0 
306 370 -68 576 12 -3 391 -504 -551 -540 0 0 
307 373 -60 575 12 7 385 -505 -550 -541 0 0 
308 374 -64 574 12 5 387 -507 -550 -543 0 0 
309 382 -55 573 15 -2 391 -508 -549 -543 0 0 
310 379 -58 571 23 -3 396 -509 -549 -541 0 0 
311 384 -55 569 27 4 394 -512 -549 -540 0 0 
312 380 -56 567 30 10 388 -514 -548 -538 0 0 
313 384 -55 566 34 24 384 -516 -548 -536 0 0 
314 387 -58 566 37 27 385 -517 -560 -536 0 0 
315 389 -66 564 39 27 388 -513 -551 -536 0 0 
316 391 -61 562 39 27 386 -514 -551 -536 0 0 
317 395 -55 560 39 24 392 -510 -551 -537 0 0 
318 395 -48 558 36 21 393 -506 -552 -539 0 0 
319 396 -45 558 24 17 392 -498 -553 -545 0 0 
320 398 -42 554 26 14 377 -498 -553 -548 0 0 
321 398 -44 553 14 1 368 -506 -550 -547 0 0 
322 402 -38 553 16 -13 366 -514 -546 -543 0 0 
323 402 -40 550 23 -18 366 -524 -544 -532 0 0 
324 404 -42 549 28 -7 365 -532 -541 -522 0 0 
325 406 -53 548 31 4 368 -533 -542 -516 0 0 
326 405 -47 550 50 26 382 -531 -544 -515 0 0 
327 406 -49 548 52 27 387 -527 -546 -516 0 0 
328 406 -50 543 50 26 387 -524 -549 -518 0 0 
329 412 -48 540 39 22 375 -523 -550 -518 0 0 
330 410 -56 538 34 19 368 -524 -549 -519 0 0 
331 413 -55 538 27 14 361 -524 -549 -519 0 0 
332 416 -60 537 21 7 354 -524 -549 -519 0 0 
333 415 -59 535 18 -3 347 -524 -549 -521 0 0 
334 418 -59 534 1 -12 343 -521 -546 -525 0 0 
335 419 -59 533 4 -16 342 -515 -546 -528 0 0 
336 421 -64 531 16 -35 344 -515 -546 -524 0 0 
337 424 -61 531 23 -29 341 -515 -546 -521 0 0 
338 422 -62 530 26 -25 344 -521 -546 -516 0 0 
339 421 -65 526 29 -24 355 -524 -546 -513 0 0 
340 422 -67 526 38 -22 363 -525 -547 -511 0 0 
341 427 -65 524 43 -17 366 -523 -550 -509 0 0 
342 425 -68 522 39 -3 363 -518 -551 -513 0 0 
343 427 -69 520 38 -1 358 -511 -552 -517 0 0 
344 430 -65 520 35 -2 352 -505 -552 -520 0 0 
345 429 -64 518 17 -10 344 -504 -548 -523 0 0 
346 431 -66 515 32 -9 344 -504 -545 -530 0 0 
347 429 -65 516 29 -16 344 -506 -543 -529 0 0 
348 431 -63 516 24 -18 340 -511 -540 -531 0 0 
349 430 -68 516 23 -24 339 -512 -538 -532 0 0 
350 430 -64 515 28 -25 336 -511 -537 -533 0 0 
351 434 -65 517 28 -26 336 -512 -536 -534 0 0 
352 434 -57 517 26 -34 329 -513 -535 -531 0 0 
353 434 -63 515 34 -33 328 -515 -535 -526 0 0 
354 432 -60 516 39 -37 330 -516 -534 -521 0 0 
355 431 -65 516 41 -34 337 -516 -534 -515 0 0 
356 431 -69 517 35 -26 336 -515 -535 -512 0 0 
357 431 -62 516 36 -22 334 -514 -533 -510 0 0 
358 430 -70 518 34 -22 345 -515 -526 -511 0 0 
359 428 -72 519 30 -22 352 -513 -521 -513 0 0 
360 426 -70 519 28 -25 351 -513 -512 -515 0 0 
361 418 -68 523 28 -24 353 -513 -507 -522 0 0 
362 417 -68 528 22 -30 349 -519 -507 -522 0 0 
363 412 -68 528 19 -35 344 -522 -509 -522 0 0 
364 412 -68 530 16 -35 338 -521 -513 -524 0 0 
365 410 -70 530 7 -38 326 -522 -516 -528 0 0 
366 408 -68 532 2 -44 327 -522 -521 -531 0 0 
367 404 -72 532 4 -53 327 -523 -519 -532 0 0 
368 404 -78 536 5 -62 333 -525 -514 -532 0 0 
369 401 -76 537 8 -68 328 -520 -511 -530 0 0 
370 399 -78 538 8 -64 336 -517 -510 -527 0 0 
371 394 -76 540 8 -57 334 -518 -513 -525 0 0 
372 393 -75 539 9 -54 330 -513 -523 -523 0 0 
373 393 -74 538 6 -47 329 -511 -539 -522 0 0 
374 396 -80 537 1 -41 317 -513 -542 -525 0 0 
375 394 -72 536 -4 -46 323 -512 -539 -525 0 0 
376 394 -74 539 -5 -49 321 -515 -538 -526 0 0 
377 393 -72 539 0 -47 318 -518 -538 -525 0 0 
378 397 -71 539 1 -44 319 -521 -536 -524 0 0 
379 395 -69 539 1 -39 318 -523 -535 -524 0 0 
380 396 -74 538 -1 -34 315 -526 -533 -524 0 0 
381 394 -77 536 -1 -24 320 -524 -531 -528 0 0 
382 393 -81 537 10 -33 329 -522 -532 -528 0 0 
383 394 -73 536 10 -46 331 -523 -534 -525 0 0 
384 393 -79 536 2 -55 335 -524 -534 -523 0 0 
385 395 -83 537 -2 -54 333 -524 -533 -522 0 0 
386 392 -82 538 -3 -52 333 -524 -533 -524 0 0 
387 393 -86 536 1 -50 333 -522 -534 -525 0 0 
388 393 -81 538 1 -46 334 -520 -534 -526 0 0 
389 393 -82 537 3 -41 336 -516 -534 -529 0 0 
390 394 -84 537 5 -48 338 -513 -535 -530 0 0 
391 391 -86 536 5 -49 339 -511 -536 -530 0 0 
392 391 -86 539 3 -46 338 -513 -535 -529 0 0 
393 392 -82 537 3 -42 338 -515 -533 -529 0 0 
394 392 -84 538 6 -43 341 -518 -532 -529 0 0 
395 392 -84 537 7 -42 341 -521 -532 -529 0 0 
396 389 -89 537 8 -41 342 -524 -532 -527 0 0 
397 392 -90 535 12 -41 343 -526 -532 -526 0 0 
398 395 -92 535 12 -35 342 -527 -532 -526 0 0 
399 392 -92 539 12 -31 339 -527 -533 -526 0 0 
400 390 -93 535 12 -25 337 -523 -533 -527 0 0 
401 388 -91 538 11 -24 337 -522 -533 -528 0 0 
402 387 -91 536 10 -23 339 -519 -532 -530 0 0 
403 388 -94 538 12 -30 346 -517 -532 -531 0 0 
404 388 -91 538 14 -34 350 -515 -532 -532 0 0 
405 387 -90 538 13 -38 349 -515 -532 -531 0 0 
406 388 -90 539 13 -40 351 -515 -532 -531 0 0 
407 388 -88 538 14 -41 350 -517 -534 -532 0 0 
408 387 -83 539 14 -46 351 -517 -533 -532 0 0 
409 385 -88 540 13 -41 345 -518 -532 -531 0 0 
410 387 -92 538 13 -37 343 -521 -532 -530 0 0 
411 387 -87 538 15 -40 344 -523 -532 -529 0 0 
412 388 -95 539 16 -40 345 -524 -531 -527 0 0 
413 389 -97 538 17 -30 348 -523 -533 -526 0 0 
414 384 -92 537 18 -25 352 -521 -533 -526 0 0 
415 389 -102 537 19 -23 353 -519 -533 -527 0 0 
416 385 -105 538 19 -28 358 -517 -533 -526 0 0 
417 385 -104 538 18 -30 360 -515 -534 -529 0 0 
418 386 -98 536 17 -32 357 -515 -534 -529 0 0 
419 386 -91 540 16 -36 352 -516 -533 -529 0 0 
420 383 -92 539 16 -38 351 -517 -533 -529 0 0 
421 383 -103 539 17 -36 350 -518 -533 -529 0 0 
422 389 -96 538 17 -34 351 -519 -532 -529 0 0 
423 384 -103 539 17 -32 350 -519 -532 -529 0 0 
424 385 -100 538 16 -32 351 -519 -531 -529 0 0 
425 384 -101 539 15 -35 355 -520 -531 -529 0 0 
426 382 -100 540 16 -37 359 -520 -532 -529 0 0 
427 388 -98 538 16 -40 360 -519 -533 -529 0 0 
428 386 -110 538 16 -46 358 -516 -535 -529 0 0 
429 383 -100 539 11 -51 354 -516 -535 -528 0 0 
430 381 -105 538 9 -49 349 -517 -535 -528 0 0 
431 383 -99 538 9 -48 345 -518 -535 -528 0 0 
432 384 -105 537 11 -44 347 -519 -535 -528 0 0 
433 381 -108 538 12 -44 351 -520 -534 -529 0 0 
434 382 -101 539 12 -45 354 -521 -534 -528 0 0 
435 385 -104 539 13 -44 358 -522 -534 -529 0 0 
436 383 -99 538 13 -41 354 -521 -535 -529 0 0 
437 384 -106 537 14 -38 350 -521 -535 -530 0 0 
438 388 -105 538 14 -38 346 -521 -534 -531 0 0 
439 383 -114 539 15 -37 346 -521 -534 -530 0 0 
440 381 -111 538 15 -36 346 -520 -534 -531 0 0 
441 382 -109 536 17 -42 352 -519 -533 -532 0 0 
442 382 -111 537 21 -47 353 -517 -535 -530 0 0 
443 382 -114 537 17 -42 351 -517 -535 -530 0 0 
444 383 -111 538 15 -40 350 -517 -535 -530 0 0 

% Total Sample Count = 444.
% Sample Count Used for mean/std calculations = 444.

%                                  MagX     MagY     MagZ     AccX     AccY     AccZ     % GyroR   GyroP    GyroY  LButton  RButton
% Means                      :  384.000  -53.000  565.000    6.000   -7.000  353.000 -516.000 -534.000 -528.000    0.000    0.000 
% Standard Deviations        :   13.772   20.492   20.143   11.422   18.940   12.188    6.216    6.365    5.334    0.000    0.000 
% Maximums                   :      434      -29      584       65       76      408     -495     -507     -506        0        0 
% Minimums                   :      360     -114      515      -16      -68      315     -563     -560     -552        0        0 
% Range (Maximums - Minimums):       74       85       69       81      144       93       68       53       46        0        0 
